A B C D E F G
8 19 18 13 15 18 20
8 19 18 13 19 18 20
8 19 18 13 17 19 20
8 19 18 13 17 18 20
8 19 18 14 19 18 20
8 19 18 14 17 19 20
8 19 18 14 17 18 20
8 19 19 13 15 18 20
8 19 19 13 19 18 20
8 19 19 13 17 19 20
8 19 19 13 17 18 20
8 19 19 14 15 18 20
8 19 19 14 19 19 20
8 19 19 14 19 18 20
8 19 19 14 17 19 20
8 19 19 14 17 18 20
8 19 13 13 15 18 20
8 19 13 13 19 19 20
8 19 13 13 19 18 20
8 19 13 13 17 19 20
8 19 13 13 17 18 20
8 19 13 14 15 18 20
8 19 13 14 19 19 20
8 19 13 14 19 18 20
8 19 13 14 17 19 20
8 19 13 14 17 18 20
8 19 1914 13 15 18 20
8 19 1914 13 19 19 20
8 19 1914 13 19 18 20
8 19 1914 13 17 19 20
8 19 1914 13 17 18 20
8 19 1914 14 15 18 20
8 19 1914 14 19 19 20
8 19 1914 14 19 18 20
8 19 1914 14 17 19 20
8 19 1914 14 17 18 20
8 13 18 13 15 18 20
8 13 18 13 19 18 20
8 13 18 13 17 19 20
8 13 18 13 17 18 20
8 13 18 14 19 18 20
8 13 18 14 17 19 20
8 13 18 14 17 18 20
8 13 19 13 15 18 20
8 13 19 13 19 18 20
8 13 19 13 17 19 20
8 13 19 13 17 18 20
8 13 19 14 15 18 20
8 13 19 14 19 19 20
8 13 19 14 19 18 20
8 13 19 14 17 19 20
8 13 19 14 17 18 20
8 13 13 13 15 18 20
8 13 13 13 19 19 20
8 13 13 13 19 18 20
8 13 13 13 17 19 20
8 13 13 13 17 18 20
8 13 13 14 15 18 20
8 13 13 14 19 19 20
8 13 13 14 19 18 20
8 13 13 14 17 19 20
8 13 13 14 17 18 20
8 13 1914 13 15 18 20
8 13 1914 13 19 19 20
8 13 1914 13 19 18 20
8 13 1914 13 17 19 20
8 13 1914 13 17 18 20
8 13 1914 14 15 18 20
8 13 1914 14 19 19 20
8 13 1914 14 19 18 20
8 13 1914 14 17 19 20
8 13 1914 14 17 18 20
18 18 18 13 15 18 20
18 18 18 13 19 18 20
18 18 18 13 17 19 20
18 18 18 13 17 18 20
18 18 18 14 19 18 20
18 18 18 14 17 19 20
18 18 18 14 17 18 20
18 18 19 13 15 18 20
18 18 19 13 19 18 20
18 18 19 13 17 19 20
18 18 19 13 17 18 20
18 18 19 14 15 18 20
18 18 19 14 19 19 20
18 18 19 14 19 18 20
18 18 19 14 17 19 20
18 18 19 14 17 18 20
18 18 13 13 15 18 20
18 18 13 13 19 19 20
18 18 13 13 19 18 20
18 18 13 13 17 19 20
18 18 13 13 17 18 20
18 18 13 14 15 18 20
18 18 13 14 19 19 20
18 18 13 14 19 18 20
18 18 13 14 17 19 20
18 18 13 14 17 18 20
18 18 1914 13 15 18 20
18 18 1914 13 19 19 20
18 18 1914 13 19 18 20
18 18 1914 13 17 19 20
18 18 1914 13 17 18 20
18 18 1914 14 15 18 20
18 18 1914 14 19 19 20
18 18 1914 14 19 18 20
18 18 1914 14 17 19 20
18 18 1914 14 17 18 20
18 19 18 13 15 18 20
18 19 18 13 19 18 20
18 19 18 13 17 19 20
18 19 18 13 17 18 20
18 19 18 14 19 18 20
18 19 18 14 17 19 20
18 19 18 14 17 18 20
18 19 19 13 15 18 20
18 19 19 13 19 18 20
18 19 19 13 17 19 20
18 19 19 13 17 18 20
18 19 19 14 15 18 20
18 19 19 14 19 19 20
18 19 19 14 19 18 20
18 19 19 14 17 19 20
18 19 19 14 17 18 20
18 19 13 13 15 18 20
18 19 13 13 19 19 20
18 19 13 13 19 18 20
18 19 13 13 17 19 20
18 19 13 13 17 18 20
18 19 13 14 15 18 20
18 19 13 14 19 19 20
18 19 13 14 19 18 20
18 19 13 14 17 19 20
18 19 13 14 17 18 20
18 19 1914 13 15 18 20
18 19 1914 13 19 19 20
18 19 1914 13 19 18 20
18 19 1914 13 17 19 20
18 19 1914 13 17 18 20
18 19 1914 14 15 18 20
18 19 1914 14 19 19 20
18 19 1914 14 19 18 20
18 19 1914 14 17 19 20
18 19 1914 14 17 18 20
18 13 18 13 15 18 20
18 13 18 13 19 18 20
18 13 18 13 17 19 20
18 13 18 13 17 18 20
18 13 18 14 19 18 20
18 13 18 14 17 19 20
18 13 18 14 17 18 20
18 13 19 13 15 18 20
18 13 19 13 19 18 20
18 13 19 13 17 19 20
18 13 19 13 17 18 20
18 13 19 14 15 18 20
18 13 19 14 19 19 20
18 13 19 14 19 18 20
18 13 19 14 17 19 20
18 13 19 14 17 18 20
18 13 13 13 15 18 20
18 13 13 13 19 19 20
18 13 13 13 19 18 20
18 13 13 13 17 19 20
18 13 13 13 17 18 20
18 13 13 14 15 18 20
18 13 13 14 19 19 20
18 13 13 14 19 18 20
18 13 13 14 17 19 20
18 13 13 14 17 18 20
18 13 1914 13 15 18 20
18 13 1914 13 19 19 20
18 13 1914 13 19 18 20
18 13 1914 13 17 19 20
18 13 1914 13 17 18 20
18 13 1914 14 15 18 20
18 13 1914 14 19 19 20
18 13 1914 14 19 18 20
18 13 1914 14 17 19 20
18 13 1914 14 17 18 20
19 8 18 13 15 18 20
19 8 18 13 19 18 20
19 8 18 13 17 19 20
19 8 18 13 17 18 20
19 8 18 14 19 18 20
19 8 18 14 17 19 20
19 8 18 14 17 18 20
19 8 19 13 15 18 20
19 8 19 13 19 18 20
19 8 19 13 17 19 20
19 8 19 13 17 18 20
19 8 19 14 15 18 20
19 8 19 14 19 19 20
19 8 19 14 19 18 20
19 8 19 14 17 19 20
19 8 19 14 17 18 20
19 8 13 13 15 18 20
19 8 13 13 19 19 20
19 8 13 13 19 18 20
19 8 13 13 17 19 20
19 8 13 13 17 18 20
19 8 13 14 15 18 20
19 8 13 14 19 19 20
19 8 13 14 19 18 20
19 8 13 14 17 19 20
19 8 13 14 17 18 20
19 8 1914 13 15 18 20
19 8 1914 13 19 19 20
19 8 1914 13 19 18 20
19 8 1914 13 17 19 20
19 8 1914 13 17 18 20
19 8 1914 14 15 18 20
19 8 1914 14 19 19 20
19 8 1914 14 19 18 20
19 8 1914 14 17 19 20
19 8 1914 14 17 18 20
19 18 18 13 15 18 20
19 18 18 13 19 18 20
19 18 18 13 17 19 20
19 18 18 13 17 18 20
19 18 18 14 19 18 20
19 18 18 14 17 19 20
19 18 18 14 17 18 20
19 18 19 13 15 18 20
19 18 19 13 19 18 20
19 18 19 13 17 19 20
19 18 19 13 17 18 20
19 18 19 14 15 18 20
19 18 19 14 19 19 20
19 18 19 14 19 18 20
19 18 19 14 17 19 20
19 18 19 14 17 18 20
19 18 13 13 15 18 20
19 18 13 13 19 19 20
19 18 13 13 19 18 20
19 18 13 13 17 19 20
19 18 13 13 17 18 20
19 18 13 14 15 18 20
19 18 13 14 19 19 20
19 18 13 14 19 18 20
19 18 13 14 17 19 20
19 18 13 14 17 18 20
19 18 1914 13 15 18 20
19 18 1914 13 19 19 20
19 18 1914 13 19 18 20
19 18 1914 13 17 19 20
19 18 1914 13 17 18 20
19 18 1914 14 15 18 20
19 18 1914 14 19 19 20
19 18 1914 14 19 18 20
19 18 1914 14 17 19 20
19 18 1914 14 17 18 20
19 19 18 13 15 19 20
19 19 18 13 15 18 20
19 19 18 13 19 19 20
19 19 18 13 19 18 20
19 19 18 13 17 19 20
19 19 18 13 17 18 21
19 19 18 14 19 19 20
19 19 18 14 19 18 20
19 19 18 14 17 19 20
19 19 18 14 17 18 21
19 19 19 13 15 19 20
19 19 19 13 15 18 20
19 19 19 13 19 19 20
19 19 19 13 19 18 20
19 19 19 13 17 19 20
19 19 19 13 17 18 21
19 19 19 14 15 19 20
19 19 19 14 15 18 20
19 19 19 14 19 19 20
19 19 19 14 19 18 21
19 19 19 14 17 19 20
19 19 19 14 17 18 21
19 19 13 13 15 19 20
19 19 13 13 15 18 20
19 19 13 13 19 19 20
19 19 13 13 19 18 21
19 19 13 13 17 19 20
19 19 13 13 17 18 21
19 19 13 14 15 19 20
19 19 13 14 15 18 20
19 19 13 14 19 19 20
19 19 13 14 19 18 21
19 19 13 14 17 19 20
19 19 13 14 17 18 21
19 19 1914 13 15 19 20
19 19 1914 13 15 18 20
19 19 1914 13 19 19 20
19 19 1914 13 19 18 21
19 19 1914 13 17 19 20
19 19 1914 13 17 18 21
19 19 1914 14 15 19 20
19 19 1914 14 15 18 20
19 19 1914 14 19 19 20
19 19 1914 14 19 18 21
19 19 1914 14 17 19 20
19 19 1914 14 17 18 21
19 13 18 13 15 19 20
19 13 18 13 15 18 22
19 13 18 13 19 19 20
19 13 18 13 19 18 22
19 13 18 13 17 19 22
19 13 18 13 17 18 21
19 13 18 14 19 19 20
19 13 18 14 19 18 22
19 13 18 14 17 19 22
19 13 18 14 17 18 21
19 13 19 13 15 19 20
19 13 19 13 15 18 22
19 13 19 13 19 19 20
19 13 19 13 19 18 22
19 13 19 13 17 19 22
19 13 19 13 17 18 21
19 13 19 14 15 19 20
19 13 19 14 15 18 22
19 13 19 14 19 19 22
19 13 19 14 19 18 21
19 13 19 14 17 19 22
19 13 19 14 17 18 21
19 13 13 13 15 19 20
19 13 13 13 15 18 22
19 13 13 13 19 19 22
19 13 13 13 19 18 21
19 13 13 13 17 19 22
19 13 13 13 17 18 21
19 13 13 14 15 19 20
19 13 13 14 15 18 22
19 13 13 14 19 19 22
19 13 13 14 19 18 21
19 13 13 14 17 19 22
19 13 13 14 17 18 21
19 13 1914 13 15 19 20
19 13 1914 13 15 18 22
19 13 1914 13 19 19 22
19 13 1914 13 19 18 21
19 13 1914 13 17 19 22
19 13 1914 13 17 18 21
19 13 1914 14 15 19 20
19 13 1914 14 15 18 22
19 13 1914 14 19 19 22
19 13 1914 14 19 18 21
19 13 1914 14 17 19 22
19 13 1914 14 17 18 21
13 8 18 13 15 18 20
13 8 18 13 19 18 20
13 8 18 13 17 19 20
13 8 18 13 17 18 20
13 8 18 14 19 18 20
13 8 18 14 17 19 20
13 8 18 14 17 18 20
13 8 19 13 15 18 20
13 8 19 13 19 18 20
13 8 19 13 17 19 20
13 8 19 13 17 18 20
13 8 19 14 15 18 20
13 8 19 14 19 19 20
13 8 19 14 19 18 20
13 8 19 14 17 19 20
13 8 19 14 17 18 20
13 8 13 13 15 18 20
13 8 13 13 19 19 20
13 8 13 13 19 18 20
13 8 13 13 17 19 20
13 8 13 13 17 18 20
13 8 13 14 15 18 20
13 8 13 14 19 19 20
13 8 13 14 19 18 20
13 8 13 14 17 19 20
13 8 13 14 17 18 20
13 8 1914 13 15 18 20
13 8 1914 13 19 19 20
13 8 1914 13 19 18 20
13 8 1914 13 17 19 20
13 8 1914 13 17 18 20
13 8 1914 14 15 18 20
13 8 1914 14 19 19 20
13 8 1914 14 19 18 20
13 8 1914 14 17 19 20
13 8 1914 14 17 18 20
13 18 18 13 15 19 20
13 18 18 13 15 18 20
13 18 18 13 19 19 20
13 18 18 13 19 18 20
13 18 18 13 17 19 20
13 18 18 13 17 18 21
13 18 18 14 19 19 20
13 18 18 14 19 18 20
13 18 18 14 17 19 20
13 18 18 14 17 18 21
13 18 19 13 15 19 20
13 18 19 13 15 18 20
13 18 19 13 19 19 20
13 18 19 13 19 18 20
13 18 19 13 17 19 20
13 18 19 13 17 18 21
13 18 19 14 15 19 20
13 18 19 14 15 18 20
13 18 19 14 19 19 20
13 18 19 14 19 18 21
13 18 19 14 17 19 20
13 18 19 14 17 18 21
13 18 13 13 15 19 20
13 18 13 13 15 18 20
13 18 13 13 19 19 20
13 18 13 13 19 18 21
13 18 13 13 17 19 20
13 18 13 13 17 18 21
13 18 13 14 15 19 20
13 18 13 14 15 18 20
13 18 13 14 19 19 20
13 18 13 14 19 18 21
13 18 13 14 17 19 20
13 18 13 14 17 18 21
13 18 1914 13 15 19 20
13 18 1914 13 15 18 20
13 18 1914 13 19 19 20
13 18 1914 13 19 18 21
13 18 1914 13 17 19 20
13 18 1914 13 17 18 21
13 18 1914 14 15 19 20
13 18 1914 14 15 18 20
13 18 1914 14 19 19 20
13 18 1914 14 19 18 21
13 18 1914 14 17 19 20
13 18 1914 14 17 18 21
13 19 18 13 15 19 20
13 19 18 13 15 18 22
13 19 18 13 19 19 20
13 19 18 13 19 18 22
13 19 18 13 17 19 22
13 19 18 13 17 18 21
13 19 18 14 19 19 20
13 19 18 14 19 18 22
13 19 18 14 17 19 22
13 19 18 14 17 18 21
13 19 19 13 15 19 20
13 19 19 13 15 18 22
13 19 19 13 19 19 20
13 19 19 13 19 18 22
13 19 19 13 17 19 22
13 19 19 13 17 18 21
13 19 19 14 15 19 20
13 19 19 14 15 18 22
13 19 19 14 19 19 22
13 19 19 14 19 18 21
13 19 19 14 17 19 22
13 19 19 14 17 18 21
13 19 13 13 15 19 20
13 19 13 13 15 18 22
13 19 13 13 19 19 22
13 19 13 13 19 18 21
13 19 13 13 17 19 22
13 19 13 13 17 18 21
13 19 13 14 15 19 20
13 19 13 14 15 18 22
13 19 13 14 19 19 22
13 19 13 14 19 18 21
13 19 13 14 17 19 22
13 19 13 14 17 18 21
13 19 1914 13 15 19 20
13 19 1914 13 15 18 22
13 19 1914 13 19 19 22
13 19 1914 13 19 18 21
13 19 1914 13 17 19 22
13 19 1914 13 17 18 21
13 19 1914 14 15 19 20
13 19 1914 14 15 18 22
13 19 1914 14 19 19 22
13 19 1914 14 19 18 21
13 19 1914 14 17 19 22
13 19 1914 14 17 18 21
13 13 18 13 15 19 20
13 13 18 13 15 18 22
13 13 18 13 19 19 20
13 13 18 13 19 18 22
13 13 18 13 17 19 22
13 13 18 13 17 18 21
13 13 18 14 19 19 20
13 13 18 14 19 18 22
13 13 18 14 17 19 22
13 13 18 14 17 18 21
13 13 19 13 15 19 20
13 13 19 13 15 18 22
13 13 19 13 19 19 20
13 13 19 13 19 18 22
13 13 19 13 17 19 22
13 13 19 13 17 18 21
13 13 19 14 15 19 20
13 13 19 14 15 18 22
13 13 19 14 19 19 22
13 13 19 14 19 18 21
13 13 19 14 17 19 22
13 13 19 14 17 18 21
13 13 13 13 15 19 20
13 13 13 13 15 18 22
13 13 13 13 19 19 22
13 13 13 13 19 18 21
13 13 13 13 17 19 22
13 13 13 13 17 18 21
13 13 13 14 15 19 20
13 13 13 14 15 18 22
13 13 13 14 19 19 22
13 13 13 14 19 18 21
13 13 13 14 17 19 22
13 13 13 14 17 18 21
13 13 1914 13 15 19 20
13 13 1914 13 15 18 22
13 13 1914 13 19 19 22
13 13 1914 13 19 18 21
13 13 1914 13 17 19 22
13 13 1914 13 17 18 21
13 13 1914 14 15 19 20
13 13 1914 14 15 18 22
13 13 1914 14 19 19 22
13 13 1914 14 19 18 21
13 13 1914 14 17 19 22
13 13 1914 14 17 18 21